service_id,monday,tuesday,wednesday,thursday,friday,saturday,sunday,start_date,end_date
100717,1,1,1,1,1,0,0,20170904,20171209
101385,1,1,1,1,1,1,1,20170904,20171209
101386,1,1,1,1,1,1,1,20170904,20171209
101387,1,1,1,1,1,1,1,20170904,20171209
101388,1,1,1,1,1,1,1,20170904,20171209
101574,1,1,1,1,1,1,1,20170904,20171209
101575,1,1,1,1,1,1,1,20170904,20171209
101576,1,1,1,1,1,1,1,20170904,20171209
101580,0,0,0,0,0,1,1,20170904,20171209
101581,1,1,1,1,1,1,1,20170904,20171209
102660,1,1,1,1,1,0,0,20170929,20171209
104184,1,1,1,1,1,1,1,20171028,20171209
104185,0,0,0,0,0,1,1,20171028,20171209
104186,1,1,1,1,1,1,1,20171028,20171209
104187,1,1,1,1,1,1,1,20171028,20171209
104188,1,1,1,1,1,1,1,20171028,20171209
104189,1,1,1,1,1,1,1,20171028,20171209
104190,1,1,1,1,1,1,1,20171028,20171209
104599,1,1,1,1,1,1,1,20171029,20171209
104600,1,1,1,1,1,1,1,20171029,20171209
104601,1,1,1,1,1,1,1,20171029,20171209
104602,1,1,1,1,1,1,1,20171029,20171209
104603,1,1,1,1,1,1,1,20171029,20171209
104604,1,1,1,1,1,1,1,20171029,20171209
104605,1,1,1,1,1,1,1,20171029,20171209
104606,1,1,1,1,1,1,1,20171029,20171209
104624,1,1,1,1,1,1,1,20171029,20171209
104625,1,1,1,1,1,1,1,20171029,20171209
104626,1,1,1,1,1,1,1,20171029,20171209
104627,1,1,1,1,1,1,1,20171029,20171209
104628,1,1,1,1,1,1,1,20171029,20171209
104629,1,1,1,1,1,1,1,20171029,20171209
104630,1,1,1,1,1,1,1,20171029,20171209
104631,1,1,1,1,1,1,1,20171029,20171209
104632,1,1,1,1,1,1,1,20171029,20171209
104633,1,1,1,1,1,1,1,20171029,20171209
104649,1,1,1,1,1,1,1,20171029,20171209
104650,1,1,1,1,1,1,1,20171029,20171209
104652,1,1,1,1,1,1,1,20171029,20171209
104653,1,1,1,1,1,0,0,20171029,20171209
104654,1,1,1,1,1,1,1,20171029,20171209
104655,1,1,1,1,1,1,1,20171029,20171209
104656,0,0,0,0,0,1,1,20171029,20171209
104657,1,1,1,1,1,1,1,20171029,20171209
104658,1,1,1,1,1,1,1,20171029,20171209
104659,1,1,1,1,1,1,1,20171029,20171209
104660,1,1,1,1,1,0,0,20171029,20171209
104661,0,0,0,0,0,1,1,20171029,20171209
104662,1,1,1,1,1,1,1,20171029,20171209
104663,1,1,1,1,1,1,1,20171029,20171209
104855,1,1,1,1,1,0,0,20171028,20171209
105291,1,1,1,1,1,1,1,20171108,20171209
105292,1,1,1,1,1,0,0,20171108,20171209
105293,1,1,1,1,1,1,1,20171108,20171209
105294,1,1,1,1,1,1,1,20171108,20171209
105295,1,1,1,1,1,1,1,20171108,20171209
105296,1,1,1,1,1,1,1,20171108,20171209
105297,1,1,1,1,1,1,1,20171108,20171209
105298,1,1,1,1,1,1,1,20171108,20171209
105299,1,1,1,1,1,1,1,20171108,20171209
105300,1,1,1,1,1,0,0,20171108,20171209
105301,1,1,1,1,1,1,1,20171108,20171209
105302,1,1,1,1,1,0,0,20171108,20171209
105303,1,1,1,1,1,1,1,20171108,20171209
105304,1,1,1,1,1,1,1,20171108,20171209
105305,1,1,1,1,1,1,1,20171108,20171209
105306,1,1,1,1,1,1,1,20171108,20171209
105307,1,1,1,1,1,1,1,20171108,20171209
105308,1,1,1,1,1,1,1,20171108,20171209
105309,1,1,1,1,1,1,1,20171108,20171209
105310,1,1,1,1,1,1,1,20171108,20171209
105311,1,1,1,1,1,1,1,20171108,20171209
105312,1,1,1,1,1,0,0,20171108,20171209
105313,1,1,1,1,1,1,1,20171108,20171209
105314,1,1,1,1,1,1,1,20171108,20171209
105315,0,0,0,0,0,1,1,20171108,20171209
105316,1,1,1,1,1,1,1,20171108,20171209
105317,1,1,1,1,1,1,1,20171108,20171209
105318,0,0,0,0,0,1,1,20171108,20171209
105319,1,1,1,1,1,1,1,20171108,20171209
105320,1,1,1,1,1,1,1,20171108,20171209
105333,1,1,1,1,1,1,1,20171108,20171209
105334,1,1,1,1,1,1,1,20171108,20171209
105335,1,1,1,1,1,1,1,20171108,20171209
105336,1,1,1,1,1,1,1,20171108,20171209
105337,1,1,1,1,1,1,1,20171108,20171209
105338,1,1,1,1,1,1,1,20171108,20171209
105339,1,1,1,1,1,1,1,20171029,20171209
105340,1,1,1,1,1,1,1,20171029,20171209
105341,1,1,1,1,1,1,1,20171029,20171209
105342,1,1,1,1,1,1,1,20171029,20171209
105343,1,1,1,1,1,1,1,20171029,20171209
105344,1,1,1,1,1,1,1,20171029,20171209
105345,1,1,1,1,1,1,1,20171029,20171209
105346,1,1,1,1,1,1,1,20171029,20171209
105347,1,1,1,1,1,1,1,20171029,20171209
105348,1,1,1,1,1,1,1,20171029,20171209
105349,1,1,1,1,1,1,1,20171029,20171209
105350,1,1,1,1,1,1,1,20171029,20171209
105353,1,1,1,1,1,1,1,20171029,20171209
105354,1,1,1,1,1,1,1,20171029,20171209
105355,1,1,1,1,1,1,1,20171029,20171209
105356,1,1,1,1,1,0,0,20171029,20171209
105357,1,1,1,1,1,1,1,20171029,20171209
105358,1,1,1,1,1,1,1,20171029,20171209
105359,1,1,1,1,1,1,1,20171029,20171209
105360,0,0,0,0,0,1,1,20171029,20171209
105361,1,1,1,1,1,1,1,20171029,20171209
105362,1,1,1,1,1,1,1,20171029,20171209
105363,1,1,1,1,1,1,1,20171029,20171209
105364,1,1,1,1,1,1,1,20171029,20171209
105800,1,1,1,1,1,1,1,20171114,20171209
105801,1,1,1,1,1,1,1,20171114,20171209
105802,1,1,1,1,1,1,1,20171114,20171209
105803,1,1,1,1,1,1,1,20171114,20171209
105804,1,1,1,1,1,1,1,20171114,20171209
105805,1,1,1,1,1,1,1,20171114,20171209
105806,1,1,1,1,1,1,1,20171114,20171209
105807,1,1,1,1,1,1,1,20171114,20171209
105808,0,0,0,0,0,1,1,20171114,20171209
105809,1,1,1,1,1,1,1,20171114,20171209
105810,1,1,1,1,1,1,1,20171114,20171209
105811,1,1,1,1,1,1,1,20171114,20171209
105812,1,1,1,1,1,1,1,20171114,20171209
105813,1,1,1,1,1,1,1,20171114,20171209
105814,1,1,1,1,1,1,1,20171114,20171209
105815,1,1,1,1,1,1,1,20171114,20171209
105816,1,1,1,1,1,1,1,20171114,20171209
105817,0,0,0,0,0,1,1,20171114,20171209
105818,1,1,1,1,1,1,1,20171114,20171209
105819,1,1,1,1,1,1,1,20171114,20171209
105820,1,1,1,1,1,1,1,20171114,20171209
105821,1,1,1,1,1,1,1,20171114,20171209
105822,1,1,1,1,1,1,1,20171114,20171209
105823,1,1,1,1,1,1,1,20171114,20171209
105824,1,1,1,1,1,1,1,20171114,20171209
105825,1,1,1,1,1,1,1,20171114,20171209
105826,1,1,1,1,1,1,1,20171114,20171209
105827,1,1,1,1,1,1,1,20171114,20171209
105828,1,1,1,1,1,1,1,20171114,20171209
105829,1,1,1,1,1,1,1,20171114,20171209
105830,1,1,1,1,1,1,1,20171114,20171209
105833,1,1,1,1,1,1,1,20171114,20171209
105834,1,1,1,1,1,1,1,20171114,20171209
105835,1,1,1,1,1,1,1,20171114,20171209
105836,1,1,1,1,1,1,1,20171114,20171209
105837,1,1,1,1,1,1,1,20171114,20171209
105838,1,1,1,1,1,1,1,20171114,20171209
105839,1,1,1,1,1,0,0,20171114,20171209
105841,1,1,1,1,1,1,1,20171114,20171209
105842,1,1,1,1,1,1,1,20171114,20171209
105843,1,1,1,1,1,1,1,20171114,20171209
105844,1,1,1,1,1,1,1,20171114,20171209
105845,1,1,1,1,1,0,0,20171114,20171209
105846,1,1,1,1,1,1,1,20171114,20171209
105847,1,1,1,1,1,1,1,20171114,20171209
105848,1,1,1,1,1,1,1,20171114,20171209
105849,1,1,1,1,1,1,1,20171114,20171209
105850,1,1,1,1,1,1,1,20171114,20171209
105851,1,1,1,1,1,1,1,20171114,20171209
105852,1,1,1,1,1,1,1,20171114,20171209
105853,1,1,1,1,1,1,1,20171114,20171209
105854,1,1,1,1,1,1,1,20171114,20171209
105855,1,1,1,1,1,1,1,20171114,20171209
105856,1,1,1,1,1,1,1,20171114,20171209
105857,1,1,1,1,1,1,1,20171114,20171209
105858,0,0,0,0,0,1,1,20171114,20171209
105859,0,0,0,0,0,1,1,20171114,20171209
105868,1,1,1,1,1,1,1,20171114,20171209
105869,1,1,1,1,1,1,1,20171114,20171209
105870,1,1,1,1,1,1,1,20171114,20171209
105871,1,1,1,1,1,1,1,20171114,20171209
105872,1,1,1,1,1,1,1,20171114,20171209
105873,1,1,1,1,1,1,1,20171114,20171209
105874,1,1,1,1,1,0,0,20171114,20171209
105875,1,1,1,1,1,0,0,20171114,20171209
105876,1,1,1,1,1,0,0,20171114,20171209
105877,1,1,1,1,1,0,0,20171114,20171209
105878,1,1,1,1,1,0,0,20171114,20171209
105879,1,1,1,1,1,0,0,20171114,20171209
105880,1,1,1,1,1,0,0,20171114,20171209
105881,1,1,1,1,1,0,0,20171114,20171209
105882,1,1,1,1,1,0,0,20171114,20171209
105883,1,1,1,1,1,0,0,20171114,20171209
105884,1,1,1,1,1,0,0,20171114,20171209
105885,1,1,1,1,1,0,0,20171114,20171209
105886,1,1,1,1,1,0,0,20171114,20171209
105888,1,1,1,1,1,0,0,20171114,20171209
105889,0,0,0,0,0,1,1,20171114,20171209
105890,0,0,0,0,0,1,1,20171114,20171209
105891,1,1,1,1,1,1,1,20171114,20171209
105892,1,1,1,1,1,1,1,20171114,20171209
105893,1,1,1,1,1,1,1,20171114,20171209
105894,1,1,1,1,1,1,1,20171114,20171209
105895,1,1,1,1,1,1,1,20171114,20171209
105896,0,0,0,0,0,1,1,20171114,20171209
105897,0,0,0,0,0,1,1,20171114,20171209
105898,1,1,1,1,1,1,1,20171114,20171209
105899,1,1,1,1,1,1,1,20171114,20171209
105900,1,1,1,1,1,1,1,20171114,20171209
105901,1,1,1,1,1,1,1,20171114,20171209
105902,1,1,1,1,1,1,1,20171114,20171209
105903,1,1,1,1,1,1,1,20171114,20171209
105904,1,1,1,1,1,1,1,20171114,20171209
105905,1,1,1,1,1,1,1,20171114,20171209
105906,1,1,1,1,1,1,1,20171114,20171209
105907,1,1,1,1,1,0,0,20171114,20171209
105908,1,1,1,1,1,1,1,20171114,20171209
105909,1,1,1,1,1,1,1,20171114,20171209
105910,1,1,1,1,1,0,0,20171114,20171209
105911,1,1,1,1,1,0,0,20171114,20171209
105912,1,1,1,1,1,0,0,20171114,20171209
105913,1,1,1,1,1,1,1,20171114,20171209
105914,1,1,1,1,1,1,1,20171114,20171209
105915,1,1,1,1,1,0,0,20171114,20171209
105916,0,0,0,0,0,1,1,20171114,20171209
105917,1,1,1,1,1,1,1,20171114,20171209
105918,0,0,0,0,0,1,1,20171114,20171209
105919,1,1,1,1,1,1,1,20171114,20171209
105920,1,1,1,1,1,1,1,20171114,20171209
105921,1,1,1,1,1,1,1,20171114,20171209
105922,1,1,1,1,1,1,1,20171114,20171209
105923,1,1,1,1,1,1,1,20171114,20171209
105924,0,0,0,0,0,1,1,20171114,20171209
105925,1,1,1,1,1,1,1,20171114,20171209
105926,1,1,1,1,1,0,0,20171114,20171209
105927,1,1,1,1,1,1,1,20171114,20171209
105928,1,1,1,1,1,1,1,20171114,20171209
105929,1,1,1,1,1,1,1,20171114,20171209
105930,1,1,1,1,1,0,0,20171114,20171209
105931,1,1,1,1,1,0,0,20171114,20171209
105932,1,1,1,1,1,1,1,20171114,20171209
105933,1,1,1,1,1,0,0,20171114,20171209
105934,1,1,1,1,1,1,1,20171114,20171209
105935,1,1,1,1,1,1,1,20171114,20171209
105936,1,1,1,1,1,1,1,20171114,20171209
105937,1,1,1,1,1,1,1,20171114,20171209
105938,1,1,1,1,1,1,1,20171114,20171209
105940,1,1,1,1,1,1,1,20171114,20171209
105941,1,1,1,1,1,0,0,20171114,20171209
105942,1,1,1,1,1,1,1,20171114,20171209
106260,1,1,1,1,1,1,1,20171210,20180325
106261,1,1,1,1,1,1,1,20171210,20180325
106262,1,1,1,1,1,1,1,20171210,20180325
106263,1,1,1,1,1,1,1,20171210,20180325
106264,1,1,1,1,1,1,1,20171210,20180325
106265,1,1,1,1,1,1,1,20171210,20180325
106266,1,1,1,1,1,1,1,20171210,20180325
106267,1,1,1,1,1,1,1,20171210,20180325
106268,1,1,1,1,1,1,1,20171210,20180325
106269,1,1,1,1,1,1,1,20171210,20180325
106270,1,1,1,1,1,1,1,20171210,20180325
106271,1,1,1,1,1,1,1,20171210,20180325
106274,1,1,1,1,1,1,1,20171210,20180325
106275,1,1,1,1,1,1,1,20171210,20180325
106276,1,1,1,1,1,1,1,20171210,20180325
106277,1,1,1,1,1,1,1,20171210,20180325
106278,1,1,1,1,1,1,1,20171210,20180325
106279,1,1,1,1,1,1,1,20171210,20180325
106280,1,1,1,1,1,1,1,20171210,20180325
106281,1,1,1,1,1,1,1,20171210,20180325
106283,1,1,1,1,1,1,1,20171210,20180325
106284,1,1,1,1,1,1,1,20171210,20180325
106285,1,1,1,1,1,1,1,20171210,20180325
106286,1,1,1,1,1,1,1,20171210,20180325
106287,1,1,1,1,1,1,1,20171210,20180325
106288,1,1,1,1,1,1,1,20171210,20180325
106289,1,1,1,1,1,1,1,20171210,20180325
106290,1,1,1,1,1,1,1,20171210,20180325
106291,1,1,1,1,1,1,1,20171210,20180325
106292,1,1,1,1,1,1,1,20171210,20180325
106306,1,1,1,1,1,0,0,20171210,20180325
106309,1,1,1,1,1,1,1,20171210,20180325
106312,1,1,1,1,1,1,1,20171210,20180325
106313,1,1,1,1,1,1,1,20171210,20180325
106314,1,1,1,1,1,1,1,20171210,20180325
106316,1,1,1,1,1,1,1,20171210,20180325
106317,1,1,1,1,1,1,1,20171210,20180325
106318,1,1,1,1,1,1,1,20171210,20180325
106330,1,1,1,1,1,1,1,20171210,20180325
106333,1,1,1,1,1,1,1,20171210,20180325
106334,1,1,1,1,1,1,1,20171210,20180325
106335,1,1,1,1,1,1,1,20171210,20180325
106336,1,1,1,1,1,0,0,20171210,20180325
106337,1,1,1,1,1,1,1,20171210,20180325
106338,1,1,1,1,1,1,1,20171210,20180325
106339,1,1,1,1,1,1,1,20171210,20180325
106340,0,0,0,0,0,1,1,20171210,20180325
106341,1,1,1,1,1,1,1,20171210,20180325
106342,1,1,1,1,1,1,1,20171210,20180325
106343,1,1,1,1,1,1,1,20171210,20180325
106344,1,1,1,1,1,1,1,20171210,20180325
106345,1,1,1,1,1,1,1,20171210,20180325
106346,1,1,1,1,1,0,0,20171210,20180325
106348,1,1,1,1,1,1,1,20171210,20180325
106349,1,1,1,1,1,1,1,20171210,20180325
106350,1,1,1,1,1,1,1,20171210,20180325
106351,0,0,0,0,0,1,1,20171210,20180325
106352,1,1,1,1,1,1,1,20171210,20180325
106353,1,1,1,1,1,1,1,20171210,20180325
106354,1,1,1,1,1,1,1,20171210,20180325
106355,1,1,1,1,1,1,1,20171210,20180325
106356,1,1,1,1,1,1,1,20171210,20180325
106357,1,1,1,1,1,1,1,20171210,20180325
106358,1,1,1,1,1,1,1,20171210,20180325
106359,1,1,1,1,1,1,1,20171210,20180325
106360,1,1,1,1,1,1,1,20171210,20180325
106361,1,1,1,1,1,1,1,20171210,20180325
106362,1,1,1,1,1,1,1,20171210,20180325
106363,1,1,1,1,1,1,1,20171210,20180325
106364,1,1,1,1,1,1,1,20171210,20180325
106365,1,1,1,1,1,1,1,20171210,20180325
106368,0,0,0,0,0,1,1,20171210,20180325
106369,1,1,1,1,1,1,1,20171210,20180325
106370,1,1,1,1,1,1,1,20171210,20180325
106371,1,1,1,1,1,1,1,20171210,20180325
106372,1,1,1,1,1,0,0,20171210,20180325
106373,1,1,1,1,1,1,1,20171210,20180325
106374,1,1,1,1,1,1,1,20171210,20180325
106375,0,0,0,0,0,1,1,20171210,20180325
106376,1,1,1,1,1,1,1,20171210,20180325
106377,1,1,1,1,1,1,1,20171210,20180325
106378,0,0,0,0,0,1,1,20171210,20180325
106379,1,1,1,1,1,1,1,20171210,20180325
106380,1,1,1,1,1,1,1,20171210,20180325
106381,1,1,1,1,1,0,0,20171210,20180325
106382,1,1,1,1,1,1,1,20171210,20180325
106383,1,1,1,1,1,1,1,20171210,20180325
106384,1,1,1,1,1,1,1,20171210,20180325
106385,1,1,1,1,1,1,1,20171210,20180325
106386,1,1,1,1,1,1,1,20171210,20180325
106387,1,1,1,1,1,1,1,20171210,20180325
106388,1,1,1,1,1,1,1,20171210,20180325
106389,1,1,1,1,1,1,1,20171210,20180325
106390,1,1,1,1,1,1,1,20171210,20180325
106391,1,1,1,1,1,0,0,20171210,20180325
106392,1,1,1,1,1,1,1,20171210,20180325
106393,1,1,1,1,1,0,0,20171210,20180325
106394,1,1,1,1,1,1,1,20171210,20180325
106395,1,1,1,1,1,1,1,20171210,20180325
106396,1,1,1,1,1,1,1,20171210,20180325
106397,1,1,1,1,1,1,1,20171210,20180325
106398,1,1,1,1,1,1,1,20171210,20180325
106399,1,1,1,1,1,1,1,20171210,20180325
106400,1,1,1,1,1,1,1,20171210,20180325
106401,1,1,1,1,1,0,0,20171210,20180325
106402,1,1,1,1,1,1,1,20171210,20180325
106480,0,0,0,0,0,1,1,20171210,20180325
106481,1,1,1,1,1,1,1,20171210,20180325
106482,1,1,1,1,1,1,1,20171210,20180325
106483,1,1,1,1,1,1,1,20171210,20180325
106484,1,1,1,1,1,1,1,20171210,20180325
106485,1,1,1,1,1,1,1,20171210,20180325
106486,1,1,1,1,1,1,1,20171210,20180325
106487,1,1,1,1,1,1,1,20171210,20180325
106488,1,1,1,1,1,1,1,20171210,20180325
106489,1,1,1,1,1,1,1,20171210,20180325
106490,1,1,1,1,1,1,1,20171210,20180325
106491,1,1,1,1,1,1,1,20171210,20180325
106492,1,1,1,1,1,1,1,20171210,20180325
106493,1,1,1,1,1,1,1,20171210,20180325
106494,1,1,1,1,1,1,1,20171210,20180325
106495,1,1,1,1,1,1,1,20171210,20180325
106496,1,1,1,1,1,1,1,20171210,20180325
106497,1,1,1,1,1,1,1,20171210,20180325
106498,1,1,1,1,1,1,1,20171210,20180325
106499,1,1,1,1,1,1,1,20171210,20180325
106500,1,1,1,1,1,1,1,20171210,20180325
106501,1,1,1,1,1,1,1,20171210,20180325
106502,0,0,0,0,0,1,1,20171210,20180325
106503,1,1,1,1,1,1,1,20171210,20180325
106504,1,1,1,1,1,1,1,20171210,20180325
106505,1,1,1,1,1,1,1,20171210,20180325
106506,1,1,1,1,1,1,1,20171210,20180325
106507,1,1,1,1,1,1,1,20171210,20180325
106508,1,1,1,1,1,1,1,20171210,20180325
106509,1,1,1,1,1,1,1,20171210,20180325
106510,1,1,1,1,1,1,1,20171210,20180325
106551,1,1,1,1,1,1,1,20171210,20180325
106552,1,1,1,1,1,1,1,20171210,20180325
106553,1,1,1,1,1,1,1,20171210,20180325
106554,1,1,1,1,1,1,1,20171210,20180325
106555,1,1,1,1,1,1,1,20171210,20180325
106556,1,1,1,1,1,1,1,20171210,20180325
106557,1,1,1,1,1,0,0,20171210,20180325
106558,1,1,1,1,1,1,1,20171210,20180325
106559,1,1,1,1,1,1,1,20171210,20180325
106560,1,1,1,1,1,1,1,20171210,20180325
106561,1,1,1,1,1,1,1,20171210,20180325
106562,1,1,1,1,1,0,0,20171210,20180325
106563,1,1,1,1,1,1,1,20171210,20180325
106564,1,1,1,1,1,1,1,20171210,20180325
106565,1,1,1,1,1,1,1,20171210,20180325
106566,1,1,1,1,1,1,1,20171210,20180325
106567,1,1,1,1,1,1,1,20171210,20180325
106568,1,1,1,1,1,1,1,20171210,20180325
106569,1,1,1,1,1,1,1,20171210,20180325
106570,1,1,1,1,1,1,1,20171210,20180325
106571,1,1,1,1,1,1,1,20171210,20180325
106572,1,1,1,1,1,1,1,20171210,20180325
106573,1,1,1,1,1,1,1,20171210,20180325
106574,1,1,1,1,1,1,1,20171210,20180325
106575,0,0,0,0,0,1,1,20171210,20180325
106576,0,0,0,0,0,1,1,20171210,20180325
106577,1,1,1,1,1,1,1,20171210,20180325
106578,0,0,0,0,0,1,1,20171210,20180325
106579,1,1,1,1,1,1,1,20171210,20180325
106580,1,1,1,1,1,1,1,20171210,20180325
106581,1,1,1,1,1,1,1,20171210,20180325
106582,1,1,1,1,1,1,1,20171210,20180325
106583,1,1,1,1,1,1,1,20171210,20180325
106584,1,1,1,1,1,0,0,20171210,20180325
106585,1,1,1,1,1,1,1,20171210,20180325
106586,1,1,1,1,1,1,1,20171210,20180325
106587,1,1,1,1,1,1,1,20171210,20180325
106588,1,1,1,1,1,1,1,20171210,20180325
106589,1,1,1,1,1,0,0,20171210,20180325
106590,1,1,1,1,1,0,0,20171210,20180325
106591,1,1,1,1,1,0,0,20171210,20180325
106592,1,1,1,1,1,0,0,20171210,20180325
106593,1,1,1,1,1,0,0,20171210,20180325
106594,1,1,1,1,1,0,0,20171210,20180325
106595,1,1,1,1,1,0,0,20171210,20180325
106596,1,1,1,1,1,0,0,20171210,20180325
106597,1,1,1,1,1,0,0,20171210,20180325
106598,1,1,1,1,1,0,0,20171210,20180325
106599,1,1,1,1,1,0,0,20171210,20180325
106600,1,1,1,1,1,1,1,20171210,20180325
106601,1,1,1,1,1,1,1,20171210,20180325
106602,1,1,1,1,1,0,0,20171210,20180325
106603,1,1,1,1,1,0,0,20171210,20180325
106604,1,1,1,1,1,0,0,20171210,20180325
106614,1,1,1,1,1,0,0,20171210,20180325
106616,1,1,1,1,1,0,0,20171210,20180325
106617,1,1,1,1,1,1,1,20171210,20180325
106618,1,1,1,1,1,0,0,20171210,20180325
106619,1,1,1,1,1,1,1,20171210,20180325
106620,1,1,1,1,1,1,1,20171210,20180325
106621,1,1,1,1,1,1,1,20171210,20180325
106622,1,1,1,1,1,1,1,20171210,20180325
106623,1,1,1,1,1,0,0,20171210,20180325
106625,1,1,1,1,1,1,1,20171210,20180325
106627,1,1,1,1,1,1,1,20171210,20180325
106628,0,0,0,0,0,1,1,20171210,20180325
106629,1,1,1,1,1,1,1,20171210,20180325
106630,1,1,1,1,1,1,1,20171210,20180325
106632,1,1,1,1,1,1,1,20171210,20180325
106633,0,0,0,0,0,1,1,20171210,20180325
106634,1,1,1,1,1,1,1,20171210,20180325
106635,1,1,1,1,1,1,1,20171210,20180325
106637,1,1,1,1,1,1,1,20171210,20180325
106638,1,1,1,1,1,0,0,20171210,20180325
106639,1,1,1,1,1,0,0,20171210,20180325
106640,1,1,1,1,1,1,1,20171210,20180325
106642,1,1,1,1,1,0,0,20171210,20180325
106643,1,1,1,1,1,1,1,20171210,20180325
106644,1,1,1,1,1,1,1,20171210,20180325
106645,1,1,1,1,1,1,1,20171210,20180325
106646,1,1,1,1,1,1,1,20171210,20180325
106647,1,1,1,1,1,0,0,20171210,20180325
106650,1,1,1,1,1,1,1,20171210,20180325
106651,1,1,1,1,1,1,1,20171210,20180325
106652,0,0,0,0,0,1,1,20171210,20180325
106653,1,1,1,1,1,0,0,20171210,20180325
106654,1,1,1,1,1,1,1,20171210,20180325
106655,1,1,1,1,1,1,1,20171210,20180325
106656,1,1,1,1,1,0,0,20171210,20180325
106659,0,0,0,0,0,1,1,20171210,20180325
106661,1,1,1,1,1,0,0,20171210,20180325
106662,0,0,0,0,0,1,1,20171210,20180325
106663,0,0,0,0,0,1,1,20171210,20180325
106664,1,1,1,1,1,1,1,20171210,20180325
106665,1,1,1,1,1,1,1,20171210,20180325
106666,1,1,1,1,1,0,0,20171210,20180325
